pic1: {'mtx': array([[6.48349563e+02, 0.00000000e+00, 1.04228498e+03],
          [0.00000000e+00, 6.15832929e+02, 5.61495855e+02],
          [0.00000000e+00, 0.00000000e+00, 1.00000000e+00]]), 'dist': array([[-0.13569891, -0.03075143,  0.0004176 , -0.01612761,  0.06201905]])}


pic2: {'mtx': array([[586.82730624,   0.        , 977.38318127],
          [  0.        , 583.53122491, 534.38784178],
          [  0.        ,   0.        ,   1.        ]]), 'dist': array([[-8.69077408e-02, -3.55936229e-01, -6.18334566e-04,
            4.10003879e-03,  6.83357212e-01]])}


pic3: {'mtx': array([[1.01417937e+03, 0.00000000e+00, 1.01345977e+03],
          [0.00000000e+00, 1.01263028e+03, 5.29813252e+02],
          [0.00000000e+00, 0.00000000e+00, 1.00000000e+00]]), 'dist': array([[-0.43331176,  0.62989512,  0.01031834, -0.00844466, -1.1460903 ]])}


pic4: {'mtx': array([[503.43652322,   0.        , 967.09879486],
          [  0.        , 505.44467002, 565.4112638 ],
          [  0.        ,   0.        ,   1.        ]]), 'dist': array([[-0.09179888,  0.0052627 , -0.00137493,  0.0040624 ,  0.00586828]])}


pic5: {'mtx': array([[6.73080842e+02, 0.00000000e+00, 1.00607148e+03],
          [0.00000000e+00, 7.46507348e+02, 5.93885591e+02],
          [0.00000000e+00, 0.00000000e+00, 1.00000000e+00]]), 'dist': array([[-0.18436797,  0.08019863, -0.00902075,  0.00327337, -0.03837113]])}


pic6: {'mtx': array([[567.03124328,   0.        , 992.29607075],
          [  0.        , 523.38329528, 529.25257356],
          [  0.        ,   0.        ,   1.        ]]), 'dist': array([[-0.09030723, -0.06405088,  0.00243258, -0.00121418,  0.064781  ]])}


pic7: {'mtx': array([[6.48349563e+02, 0.00000000e+00, 1.04228498e+03],
          [0.00000000e+00, 6.15832929e+02, 5.61495855e+02],
          [0.00000000e+00, 0.00000000e+00, 1.00000000e+00]]), 'dist': array([[-0.13569891, -0.03075143,  0.0004176 , -0.01612761,  0.06201905]])}


pic8: {'mtx': array([[5.03277459e+02, 0.00000000e+00, 1.11016723e+03],
          [0.00000000e+00, 5.13671650e+02, 5.68240930e+02],
          [0.00000000e+00, 0.00000000e+00, 1.00000000e+00]]), 'dist': array([[-0.11254154,  0.02860719, -0.00733671, -0.02162419, -0.0021991 ]])}


pic9: {'mtx': array([[560.13244136,   0.        , 876.7258541 ],
          [  0.        , 536.43302381, 584.6171237 ],
          [  0.        ,   0.        ,   1.        ]]), 'dist': array([[-0.0632577 , -0.12113471,  0.00348849,  0.0207219 ,  0.10225396]])}


pic10: {'mtx': array([[527.61519959,   0.        , 872.29636635],
          [  0.        , 522.98856981, 587.2335914 ],
          [  0.        ,   0.        ,   1.        ]]), 'dist': array([[-0.12137346,  0.05672   , -0.00636335,  0.02388462, -0.02363901]])}


pic11: {'mtx': array([[6.15380997e+02, 0.00000000e+00, 1.01010268e+03],
          [0.00000000e+00, 6.65595115e+02, 6.19682201e+02],
          [0.00000000e+00, 0.00000000e+00, 1.00000000e+00]]), 'dist': array([[-0.14745813,  0.02729637, -0.01250557,  0.00117362, -0.00249332]])}


pic12: {'mtx': array([[624.97249769,   0.        , 985.35145971],
          [  0.        , 612.41724784, 558.7696519 ],
          [  0.        ,   0.        ,   1.        ]]), 'dist': array([[-0.18266136,  0.07244062, -0.00385845,  0.00035557, -0.01481449]])}


pic13: {'mtx': array([[572.04476808,   0.        , 983.92061441],
          [  0.        , 599.26038739, 471.95214811],
          [  0.        ,   0.        ,   1.        ]]), 'dist': array([[-0.13800653,  0.03427917,  0.01297836, -0.00114425, -0.00626756]])}


pic14: {'mtx': array([[6.45593027e+02, 0.00000000e+00, 1.01439260e+03],
          [0.00000000e+00, 6.83665126e+02, 5.17298633e+02],
          [0.00000000e+00, 0.00000000e+00, 1.00000000e+00]]), 'dist': array([[-0.16990733,  0.04174666,  0.00827936, -0.00654006,  0.01731792]])}